0,1.19004511833
1,1.18044281006
2,1.17332863808
3,1.13261413574
4,1.09240198135
5,1.00057816505
6,0.907032489777
7,0.864784479141
8,0.79426908493
9,0.733023166656
10,0.701603651047
11,0.651287078857
12,0.62376666069
13,0.560914516449
14,0.531508684158
15,0.474450111389
16,0.45325422287
17,0.411738157272
18,0.391255140305
19,0.357151031494
20,0.33847618103
21,0.319800138474
22,0.284453630447
23,0.267286062241
24,0.232844829559
25,0.219439268112
26,0.191819190979
27,0.180309295654
28,0.16899728775
29,0.149205684662
30,0.13196849823
31,0.115935564041
32,0.109246969223
33,0.102752447128
34,0.0902109146118
35,0.0840353965759
36,0.0725500583649
37,0.0678400993347
38,0.0596306324005
39,0.0560173988342
40,0.0500147342682
41,0.0475685596466
42,0.0452902317047
43,0.0408527851105
44,0.0392529964447
45,0.0338904857635
46,0.0317175388336
47,0.0275499820709
48,0.0253145694733
49,0.0210566520691
50,0.020215511322
51,0.0189485549927
52,0.0185694694519
53,0.0187113285065
54,0.0189476013184
55,0.0185670852661
56,0.0183551311493
57,0.0182399749756
58,0.0184116363525
59,0.019002199173
60,0.0204036235809
61,0.0213940143585
62,0.0237588882446
63,0.0248699188232
64,0.0278697013855
65,0.0295095443726
66,0.0310804843903
67,0.0346319675446
68,0.0379412174225
69,0.0399684906006
70,0.0434587001801
71,0.0477590560913
72,0.0514194965363
73,0.0534369945526
74,0.0564119815826
75,0.0573341846466
76,0.0578944683075
77,0.0599870681763
78,0.0605082511902
79,0.0614783763885
80,0.0622236728668
81,0.0660026073456
82,0.0685429573059
83,0.0722403526306
84,0.0733559131622
85,0.0747559070587
86,0.0761082172394
87,0.0774579048157
88,0.0773861408234
89,0.076917886734
90,0.0767343044281
91,0.0763676166534
92,0.0749351978302
93,0.0740537643433
94,0.0737552642822
95,0.0725834369659
96,0.0716874599457
97,0.0709085464478
98,0.0701384544373
99,0.0685062408447
100,0.0682299137115
101,0.066385269165
102,0.0650818347931
103,0.0627217292786
104,0.0614802837372
105,0.0588839054108
106,0.0577552318573
107,0.0565037727356
108,0.0544333457947
109,0.0540723800659
110,0.0532755851746
111,0.0531370639801
112,0.052942276001
113,0.0519943237305
114,0.0513982772827
115,0.0499839782715
116,0.0490190982819
117,0.0467069149017
118,0.0455749034882
119,0.0434243679047
120,0.0425047874451
121,0.0405716896057
122,0.0394666194916
123,0.0380771160126
124,0.0354402065277
125,0.0342679023743
126,0.0317842960358
127,0.0306596755981
128,0.0279932022095
129,0.0268692970276
130,0.0248823165894
131,0.0233891010284
132,0.0228180885315
133,0.0213584899902
134,0.0207197666168
135,0.0201191902161
136,0.0199639797211
137,0.0189731121063
138,0.0188553333282
139,0.0183320045471
140,0.0180518627167
141,0.0169329643249
142,0.0160670280457
143,0.0140466690063
144,0.0129270553589
145,0.0104434490204
146,0.00945806503296
147,0.0075991153717
148,0.00677680969238
149,0.00492358207703
150,0.00402212142944
151,0.00161576271057
152,-0.000651836395265
153,-0.00232791900635
154,-0.00295972824097
155,-3.33786010831e-06
156,0.00562834739685
157,0.00788712501526
158,0.0117213726044
159,0.0133972167969
160,0.0151786804199
161,0.0158908367157
162,0.0174987316132
163,0.018007516861
164,0.018185377121
165,0.018096446991
166,0.0179896354675
167,0.0173447132111
168,0.0169968605041
169,0.0164771080017
170,0.0163614749908
171,0.0155110359192
172,0.0135915279388
173,0.0127341747284
174,0.0106921195984
175,0.00940752029419
176,0.00766205787659
177,0.0044105052948
178,0.0026216506958
179,-0.000423431396485
180,-0.00206089019775
181,-0.00495386123657
182,-0.00611114501953
183,-0.00824642181397
184,-0.00924348831177
185,-0.00987720489502
186,-0.0109424591064
187,-0.0115170478821
188,-0.0119819641113
189,-0.0119247436523
190,-0.0124011039734
191,-0.0126166343689
192,-0.0124387741089
193,-0.0120368003845
194,-0.0118174552917
195,-0.0117502212524
196,-0.0113921165466
197,-0.0103044509888
198,-0.00961875915527
199,-0.00699520111084
200,-0.0059814453125
201,-0.00506496429443
202,-0.0037145614624
203,-0.00307559967041
204,-0.00236320495606
205,-0.00239944458008
206,-0.00265169143677
207,-0.00282335281372
208,-0.00345802307129
209,-0.00369358062744
210,-0.00437879562378
211,-0.00513076782227
212,-0.0056095123291
213,-0.00608730316162
214,-0.00737571716309
215,-0.00814533233643
216,-0.00959777832031
217,-0.0102190971375
218,-0.0114502906799
219,-0.0117740631104
220,-0.0127129554749
221,-0.0133285522461
222,-0.0140271186829
223,-0.0135040283203
224,-0.0125994682312
225,-0.0108098983765
226,-0.01025390625
227,-0.00954341888428
228,-0.00921773910523
229,-0.00916051864624
230,-0.00909328460693
231,-0.00894546508789
232,-0.00896835327149
233,-0.00915622711182
234,-0.00908994674683
235,-0.00878620147705
236,-0.00863933563233
237,-0.00863456726074
238,-0.00787591934204
239,-0.00764799118042
240,-0.00750160217285
241,-0.00759124755859
242,-0.00763368606567
243,-0.00759363174439
244,-0.00708198547363
245,-0.00680541992188
246,-0.00656032562256
247,-0.00649499893189
248,-0.00633049011231
249,-0.0064697265625
250,-0.00633573532105
251,-0.00687742233276
252,-0.00761032104492
253,-0.00803804397583
254,-0.00738000869751
255,-0.00641584396362
256,-0.00497913360596
257,-0.000785350799561
258,0.00269603729248
259,0.00340890884399
260,0.00434255599975
261,0.00453233718872
262,0.00476789474487
263,0.00836849212646
264,0.015830039978
265,0.0196490287781
266,0.0238571166992
267,0.0249891281128
268,0.0266916751862
269,0.0271348953247
270,0.0257551670074
271,0.0229742527008
272,0.0177273750305
273,0.00375556945801
274,0.00292491912842
275,0.00631093978882
276,0.00854229927063
277,0.0124053955078
278,0.0128529071808
279,0.0122509002686
280,0.0111134052277
281,0.0084478855133
282,0.00694537162781
283,0.00431895256042
284,0.00284266471863
285,0.000442028045653
286,-0.000690460205079
287,-0.00247859954834
288,-0.003493309021
289,-0.0046443939209
290,-0.0064640045166
291,-0.00786447525025
292,-0.00826740264893
293,-0.00850296020508
294,-0.00857830047608
295,-0.00862884521484
296,-0.00885248184204
297,-0.00879049301148
298,-0.00931453704834
299,-0.00977754592896
300,-0.0111198425293
301,-0.0118837356567
302,-0.0120253562927
303,-0.01207447052
304,-0.0120882987976
305,-0.0115056037903
306,-0.0111775398254
307,-0.0104026794434
308,-0.00955200195313
309,-0.0090856552124
310,-0.00820112228394
311,-0.00748586654663
312,-0.00537586212158
313,-0.00412464141846
314,-0.00224113464356
315,-0.00133466720581
316,0.000106334686278
317,0.00090456008911
318,0.00255584716797
319,0.00343561172485
320,0.00450110435486
321,0.007164478302
322,0.00822496414184
323,0.0102636814117
324,0.0114245414734
325,0.0134699344635
326,0.0142455101013
327,0.0150060653687
328,0.0153243541718
329,0.0156054496765
330,0.0157036781311
331,0.0155644416809
332,0.0151128768921
333,0.0140039920807
334,0.0134410858154
335,0.0128195285797
336,0.0127663612366
337,0.0128920078278
338,0.012802362442
339,0.0123784542084
340,0.0123589038849
341,0.0123293399811
342,0.0123584270477
343,0.0119650363922
344,0.0115358829498
345,0.0111529827118
346,0.0111858844757
347,0.0111780166626
348,0.0111765861511
349,0.0112473964691
350,0.0111157894135
351,0.0110177993774
352,0.0103244781494
353,0.00997734069824
354,0.0093514919281
355,0.00926256179809
356,0.00928568840027
357,0.00963878631592
358,0.00964784622192
359,0.00943684577942
360,0.00916743278503
361,0.00885486602783
362,0.00856018066406
363,0.0082106590271
364,0.00738048553467
365,0.00691699981689
366,0.00603723526001
367,0.00567722320557
368,0.00520324707031
369,0.00464725494385
370,0.00500583648682
371,0.00525116920471
372,0.0057430267334
373,0.00589680671692
374,0.00566577911377
375,0.00528168678284
376,0.00495100021362
377,0.00446629524231
378,0.00427532196045
379,0.00399565696716
380,0.00355267524719
381,0.00382590293884
382,0.00394892692566
383,0.00383615493774
384,0.00382423400879
385,0.00426650047302
386,0.00454759597778
387,0.00541305541992
388,0.00616097450256
389,0.00743865966797
390,0.00915503501892
391,0.00974297523498
392,0.010000705719
393,0.0100152492523
394,0.00993275642395
395,0.00897192955017
396,0.00836706161499
397,0.00783514976501
398,0.00680470466614
399,0.0063841342926
400,0.00579237937927
401,0.00564742088318
402,0.00525879859924
403,0.00494003295898
404,0.00458216667175
405,0.00383329391479
406,0.00355792045593
407,0.00282883644104
408,0.00229978561401
409,0.0015869140625
410,0.00118899345398
411,0.000370264053343
412,-4.005432129e-05
413,-0.000783443450929
414,-0.00167036056519
415,-0.00212097167969
416,-0.00238084793091
417,-0.00254726409912
418,-0.00283765792847
419,-0.00316858291626
420,-0.0037055015564
421,-0.00406837463379
422,-0.00458574295044
423,-0.00589847564697
424,-0.00669431686401
425,-0.00855493545532
426,-0.00968456268311
427,-0.0110220909119
428,-0.0114169120789
429,-0.0119714736938
430,-0.012216091156
431,-0.012939453125
432,-0.0133180618286
433,-0.0139851570129
434,-0.013840675354
435,-0.0136404037476
436,-0.0136213302612
437,-0.0137119293213
438,-0.0137910842896
439,-0.0136041641235
440,-0.0135684013367
441,-0.0139679908752
442,-0.0146460533142
443,-0.0156030654907
444,-0.0162448883057
445,-0.0183577537537
446,-0.0192618370056
447,-0.020293712616
448,-0.0219926834106
449,-0.023033618927
450,-0.0237355232239
451,-0.0240559577942
452,-0.0243315696716
453,-0.0249037742615
454,-0.0250973701477
455,-0.0203461647034
456,-0.0166087150574
457,-0.016450881958
458,-0.0176138877869
459,-0.018355846405
460,-0.0204577445984
461,-0.0213198661804
462,-0.0233969688416
463,-0.0243444442749
464,-0.0257997512817
465,-0.0263066291809
466,-0.0265111923218
467,-0.026843547821
468,-0.0265231132507
469,-0.0195550918579
470,-0.0158672332764
471,-0.0128517150879
472,-0.0125498771667
473,-0.0121612548828
474,-0.0110635757446
475,-0.0104289054871
476,-0.00933170318604
477,-0.00855350494385
478,-0.00653076171875
479,-0.00495910644531
480,-0.00359392166138
481,0.000717401504515
482,0.00284647941589
483,0.0061604976654
484,0.00753569602966
485,0.00977444648743
486,0.01078748703
487,0.0133183002472
488,0.0141413211822
489,0.0156583786011
490,0.0164422988892
491,0.0183885097504
492,0.0217895507812
493,0.0232090950012
494,0.0243787765503
495,0.0244970321655
496,0.0213913917541
497,0.0193469524384
498,0.0187153816223
499,0.0191037654877
500,0.0194211006165
501,0.0200583934784
502,0.0199782848358
503,0.020432472229
504,0.0208828449249
505,0.0231871604919
506,0.0240688323975
507,0.0248899459839
508,0.0248019695282
509,0.0239815711975
510,0.0234870910645
511,0.0221560001373
512,0.0215375423431
513,0.0204222202301
514,0.0195887088776
515,0.0194160938263
516,0.0217509269714
517,0.0225696563721
518,0.023814201355
519,0.0239996910095
520,0.0240528583527
521,0.0239753723145
522,0.0247581005096
523,0.0249745845795
524,0.0251700878143
525,0.0252122879028
526,0.0254981517792
527,0.0254545211792
528,0.0248951911926
529,0.024297952652
530,0.0232865810394
531,0.0229260921478
532,0.0229775905609
533,0.0227272510529
534,0.0228626728058
535,0.0220696926117
536,0.0216646194458
537,0.0212152004242
538,0.0213112831116
539,0.0212783813477
540,0.0212585926056
541,0.0210945606232
542,0.0207054615021
543,0.0202870368958
544,0.0191164016724
545,0.0183782577515
546,0.0169353485107
547,0.016147851944
548,0.0148384571075
549,0.0140588283539
550,0.0124533176422
551,0.0118570327759
552,0.0108823776245
553,0.0099036693573
554,0.00958824157715
555,0.00899171829223
556,0.00857043266296
557,0.00881576538086
558,0.00895571708679
559,0.00888252258301
560,0.00872683525085
561,0.00846600532532
562,0.00828051567078
563,0.0073938369751
564,0.006915807724
565,0.00648617744446
566,0.00557851791382
567,0.00540709495544
568,0.00588059425354
569,0.00617814064026
570,0.00769281387329
571,0.0102767944336
572,0.0123932361603
573,0.012745141983
574,0.0123651027679
575,0.0112059116364
576,0.0109367370605
577,0.011711359024
578,0.0122239589691
579,0.0125012397766
580,0.0123205184937
581,0.011904001236
582,0.0107142925262
583,0.00994920730591
584,0.0082733631134
585,0.00741243362427
586,0.00677609443664
587,0.00599026679993
588,0.005699634552
589,0.00476050376892
590,0.00457191467285
591,0.00391936302185
592,0.00362133979797
593,0.00347256660461
594,0.00545501708984
595,0.0065176486969
596,0.0103142261505
597,0.0119256973267
598,0.0158348083496
599,0.0173218250275
600,0.0195236206055
601,0.020213842392
602,0.0211045742035
603,0.0211215019226
604,0.0214595794678
605,0.0214021205902
606,0.0213792324066
607,0.0210909843445
608,0.0206990242004
609,0.0200171470642
610,0.0220160484314
611,0.0229902267456
612,0.0239388942718
613,0.0243554115295
614,0.0233879089355
615,0.0218949317932
616,0.0212457180023
617,0.0193121433258
618,0.018324136734
619,0.0170707702637
620,0.0167932510376
621,0.0162978172302
622,0.0174055099487
623,0.017819404602
624,0.0193932056427
625,0.0202014446259
626,0.0218985080719
627,0.0222301483154
628,0.0223155021667
629,0.0223622322083
630,0.0222799777985
631,0.0217864513397
632,0.0210263729095
633,0.0194187164307
634,0.0184698104858
635,0.0167305469513
636,0.0159649848938
637,0.0146918296814
638,0.0141716003418
639,0.0142757892609
640,0.014520406723
641,0.0143942832947
642,0.0137236118317
643,0.0133335590363
644,0.0129523277283
645,0.0129561424255
646,0.0127999782562
647,0.0126676559448
648,0.0136082172394
649,0.0138118267059
650,0.0137438774109
651,0.0135707855225
652,0.012722492218
653,0.012051820755
654,0.0100274085999
655,0.00894117355347
656,0.0076093673706
657,0.00426745414734
658,0.00312709808349
659,-0.000813007354737
660,-0.00270032882691
661,-0.00510931015015
662,-0.00674200057983
663,-0.00802850723267
664,-0.0104269981384
665,-0.0113458633423
666,-0.0124845504761
667,-0.0132765769959
668,-0.0146861076355
669,-0.0167245864868
670,-0.017364025116
671,-0.0164370536804
672,-0.0162034034729
673,-0.0174446105957
674,-0.0210771560669
675,-0.0249156951904
676,-0.0263824462891
677,-0.0241837501526
678,-0.0192966461182
679,-0.0157361030579
680,-0.0167798995972
681,-0.0199007987976
682,-0.021044254303
683,-0.0231151580811
684,-0.0243535041809
685,-0.0268883705139
686,-0.0283966064453
687,-0.0306310653687
688,-0.031252861023
689,-0.031690120697
690,-0.0321269035339
691,-0.0328583717346
692,-0.0335698127747
693,-0.0339636802673
694,-0.0348944664001
695,-0.0347356796265
696,-0.0350570678711
697,-0.0350499153137
698,-0.0344467163086
699,-0.034010887146
700,-0.0332865715027
701,-0.0329971313477
702,-0.0320105552673
703,-0.0313668251038
704,-0.0286560058594
705,-0.0261063575745
706,-0.0235509872437
707,-0.0188446044922
708,-0.0170650482178
709,-0.0118761062622
710,-0.00994110107422
711,-0.00647592544556
712,-0.00512933731079
713,-0.00265073776245
714,-0.0016655921936
715,0.000344276428221
716,0.00543856620788
717,0.00755190849304
718,0.0144362449646
719,0.0180978775024
720,0.0244343280792
721,0.0263531208038
722,0.0287847518921
723,0.029684305191
724,0.0299828052521
725,0.0300531387329
726,0.0296874046326
727,0.0283396244049
728,0.0272698402405
729,0.0244109630585
730,0.0230641365051
731,0.0198788642883
732,0.0181238651276
733,0.0161890983582
734,0.0151076316833
735,0.012832403183
736,0.0113213062286
737,0.00850582122803
738,0.007089138031
739,0.00587224960327
740,0.00430369377136
741,0.00362205505371
742,0.00251197814941
743,0.00190854072571
744,0.000536918640135
745,5.31673431383e-05
746,-0.0012092590332
747,-0.00229454040527
748,-0.00315666198731
749,-0.00454807281494
750,-0.00442266464233
751,-0.00428867340088
752,-0.00427341461182
753,-0.00482082366943
754,-0.00519275665283
755,-0.00633144378662
756,-0.00671815872192
757,-0.00731039047241
758,-0.00763607025147
759,-0.00892496109009
760,-0.00969648361206
761,-0.0106687545776
762,-0.0108165740967
763,-0.0108985900879
764,-0.0110983848572
765,-0.0112404823303
766,-0.0100526809692
767,-0.00931644439697
768,-0.0085883140564
769,-0.00853681564331
770,-0.00876712799072
771,-0.00894546508789
772,-0.00948715209961
773,-0.00975465774536
774,-0.0100841522217
775,-0.00850629806519
776,-0.00790214538574
777,-0.00693607330322
778,-0.00686979293823
779,-0.00748777389526
780,-0.00794744491577
781,-0.00880193710327
782,-0.00940847396851
783,-0.0110015869141
784,-0.0120077133179
785,-0.0134105682373
786,-0.0141339302063
787,-0.0154914855957
788,-0.0160131454468
789,-0.0163826942444
790,-0.0169458389282
791,-0.0169582366943
792,-0.0143194198608
793,-0.0111885070801
794,-0.00625801086426
795,-0.00446557998657
796,-0.00211620330811
797,-0.00149774551392
798,-0.000960350036622
799,-0.00106716156006
800,-0.00167465209961
801,-0.00228929519653
802,-0.00299692153931
803,-0.0047082901001
804,-0.00624132156372
805,-0.00895690917969
806,-0.0104165077209
807,-0.013744354248
808,-0.015022277832
809,-0.0179219245911
810,-0.0190043449402
811,-0.0198674201965
812,-0.0216417312622
813,-0.0221452713013
814,-0.0234251022339
815,-0.0237040519714
816,-0.0256037712097
817,-0.0264782905579
818,-0.0269551277161
819,-0.027961730957
820,-0.0286612510681
821,-0.0304036140442
822,-0.0311436653137
823,-0.0293188095093
824,-0.0278115272522
825,-0.0254883766174
826,-0.024817943573
827,-0.0242028236389
828,-0.0238757133484
829,-0.0239090919495
830,-0.0241684913635
831,-0.0247521400452
832,-0.024525642395
833,-0.0245552062988
834,-0.0251703262329
835,-0.0255980491638
836,-0.0267338752747
837,-0.0279498100281
838,-0.0288109779358
839,-0.0308976173401
840,-0.0310921669006
841,-0.031898021698
842,-0.0323324203491
843,-0.0331802368164
844,-0.0335478782654
845,-0.034336566925
846,-0.0356817245483
847,-0.0361695289612
848,-0.0370860099792
849,-0.0375394821167
850,-0.0392360687256
851,-0.0397953987122
852,-0.0411806106567
853,-0.0418457984924
854,-0.0429854393005
855,-0.0435724258423
856,-0.0450925827026
857,-0.0461583137512
858,-0.0473618507385
859,-0.0477509498596
860,-0.048210144043
861,-0.0483145713806
862,-0.0495672225952
863,-0.0502362251282
864,-0.05162525177
865,-0.0519981384277
866,-0.0537633895874
867,-0.054027557373
868,-0.0548715591431
869,-0.0551156997681
870,-0.05548620224
871,-0.055374622345
872,-0.0552787780762
873,-0.0545268058777
874,-0.0538249015808
875,-0.0526113510132
876,-0.0522756576538
877,-0.0527110099792
878,-0.0527033805847
879,-0.0531482696533
880,-0.054413318634
881,-0.0557279586792
882,-0.0575637817383
883,-0.0580859184265
884,-0.0600619316101
885,-0.0609498023987
886,-0.0619897842407
887,-0.0626654624939
888,-0.063054561615
889,-0.0634183883667
890,-0.0633182525635
891,-0.063506603241
892,-0.0633072853088
893,-0.0629577636719
894,-0.0631685256958
895,-0.064380645752
896,-0.0650215148926
897,-0.0657296180725
898,-0.0667362213135
899,-0.0679044723511
900,-0.0686330795288
901,-0.06889295578
902,-0.0700330734253
903,-0.0709795951843
904,-0.0719466209412
905,-0.0719795227051
906,-0.0726900100708
907,-0.0735158920288
908,-0.073203086853
909,-0.0721955299377
910,-0.0720281600952
911,-0.0705618858337
912,-0.0696935653687
913,-0.0685849189758
914,-0.068380355835
915,-0.0661268234253
916,-0.0652470588684
917,-0.0592784881592
918,-0.0519542694092
919,-0.0419006347656
920,-0.038462638855
921,-0.0336480140686
922,-0.032407283783
923,-0.0316462516785
924,-0.0318303108215
925,-0.0325016975403
926,-0.034245967865
927,-0.0350823402405
928,-0.0382480621338
929,-0.0397624969482
930,-0.0434432029724
931,-0.0443897247314
932,-0.0461010932922
933,-0.0468072891235
934,-0.0485997200012
935,-0.048445224762
936,-0.0481386184692
937,-0.048273563385
938,-0.0483870506287
939,-0.0482864379883
940,-0.0478830337524
941,-0.0482034683228
942,-0.0488982200623
943,-0.0504894256592
944,-0.0523643493652
945,-0.0545444488525
946,-0.0552878379822
947,-0.0561118125916
948,-0.0564184188843
949,-0.0564947128296
950,-0.0570178031921
951,-0.0578827857971
952,-0.0586018562317
953,-0.0591864585876
954,-0.0607013702393
955,-0.0618705749512
956,-0.0640454292297
957,-0.0648369789124
958,-0.0662593841553
959,-0.066077709198
960,-0.0655202865601
961,-0.0651144981384
962,-0.0647969245911
963,-0.0641007423401
964,-0.0637464523315
965,-0.0630884170532
966,-0.0625638961792
967,-0.0619301795959
968,-0.0610952377319
969,-0.0607433319092
970,-0.0606560707092
971,-0.0599751472473
972,-0.0603761672974
973,-0.0608940124512
974,-0.0615978240967
975,-0.0620994567871
976,-0.0635352134705
977,-0.0626411437988
978,-0.0607461929321
979,-0.0597224235535
980,-0.0581011772156
981,-0.0566973686218
982,-0.0547790527344
983,-0.053927898407
984,-0.0530776977539
985,-0.051197052002
986,-0.0508046150208
987,-0.0495462417603
988,-0.0494685173035
989,-0.0490155220032
990,-0.0488181114197
991,-0.0482749938965
992,-0.0481104850769
993,-0.0471248626709
994,-0.046347618103
995,-0.0452871322632
996,-0.0429797172546
997,-0.0377397537231
998,-0.0358958244324
999,-0.0326437950134
1000,-0.0314426422119
1001,-0.0304207801819
1002,-0.0280866622925
1003,-0.0270404815674
1004,-0.0249009132385
1005,-0.0242099761963
1006,-0.0224647521973
1007,-0.0217247009277
1008,-0.0204734802246
1009,-0.0201387405396
1010,-0.0189995765686
1011,-0.018394947052
1012,-0.0174641609192
1013,-0.0170230865479
1014,-0.0156927108765
1015,-0.0144572257996
1016,-0.0133624076843
1017,-0.0114583969116
1018,-0.0106048583984
1019,-0.00984382629395
1020,-0.00955677032471
1021,-0.00911998748779
1022,-0.00900602340698
1023,-0.00895166397095
1024,-0.00898218154907
1025,-0.00877475738525
1026,-0.00804138183594
1027,-0.0076847076416
1028,-0.00682592391968
1029,-0.00643873214722
1030,-0.00459098815918
1031,-0.00336456298828
1032,-0.00123167037964
1033,-0.000689029693604
1034,-0.000138759613038
1035,-0.000230789184571
1036,-0.000535488128663
1037,-0.000932693481446
1038,-0.00201272964478
1039,-0.00258779525757
1040,-0.00303077697754
1041,-0.00404071807861
1042,-0.00458192825317
1043,-0.00495719909668
1044,-0.00550937652588
1045,-0.00604963302612
1046,-0.00639963150025
1047,-0.00715494155884
1048,-0.00753593444824
1049,-0.00843477249146
1050,-0.00924968719483
1051,-0.0102887153625
1052,-0.0107822418213
1053,-0.0117969512939
1054,-0.0122361183167
1055,-0.0112862586975
1056,-0.0101833343506
1057,-0.00971174240112
1058,-0.00353050231934
1059,0.000221252441405
1060,0.00256776809692
1061,0.00437426567078
1062,0.00393748283386
1063,0.00220203399658
1064,0.000843048095702
1065,-0.00138568878174
1066,-0.00240898132324
1067,-0.00206422805786
1068,-0.00112771987915
1069,-0.000245571136475
1070,0.00087809562683
1071,0.00308012962341
1072,0.00412058830261
1073,0.00722289085388
1074,0.00866675376892
1075,0.0117001533508
1076,0.0132315158844
1077,0.0155999660492
1078,0.0166294574738
1079,0.0178015232086
1080,0.0181760787964
1081,0.0184729099274
1082,0.0184061527252
1083,0.0182816982269
1084,0.0180816650391
1085,0.01824426651
1086,0.0185418128967
1087,0.0183737277985
1088,0.0180721282959
1089,0.0181219577789
1090,0.0187103748322
1091,0.0191872119904
1092,0.0213918685913
1093,0.0219945907593
1094,0.0231554508209
1095,0.024129152298
1096,0.0285334587097
1097,0.0356795787811
1098,0.038507938385
1099,0.0428051948547
1100,0.0441138744354
1101,0.0462658405304
1102,0.0468254089355
1103,0.0480616092682
1104,0.0487220287323
1105,0.0490055084229
1106,0.0497879981995
1107,0.0510141849518
1108,0.0512912273407
1109,0.0522010326385
1110,0.0541770458221
1111,0.0552949905395
1112,0.0553953647614
1113,0.0562069416046
1114,0.0595948696136
1115,0.0618283748627
1116,0.0643315315247
1117,0.0651307106018
1118,0.0656304359436
1119,0.0663077831268
1120,0.0660929679871
1121,0.0660860538483
1122,0.0656776428223
1123,0.0645151138306
1124,0.0636622905731
1125,0.0620799064636
1126,0.0608632564545
1127,0.0585477352142
1128,0.0570607185364
1129,0.0561254024506
1130,0.0535995960236
1131,0.0504093170166
1132,0.0473239421844
1133,0.0469870567322
1134,0.0456466674805
1135,0.0451054573059
1136,0.0435001850128
1137,0.0429081916809
1138,0.0409562587738
1139,0.0401105880737
1140,0.0402853488922
1141,0.0422959327698
1142,0.0433564186096
1143,0.0453112125397
1144,0.0458674430847
1145,0.0474383831024
1146,0.0489640235901
1147,0.0505759716034
1148,0.0508728027344
1149,0.0511438846588
1150,0.0516107082367
1151,0.0511755943298
1152,0.0506284236908
1153,0.0490126609802
1154,0.0478091239929
1155,0.0455939769745
1156,0.0441887378693
1157,0.0420248508453
1158,0.0411107540131
1159,0.0393998622894
1160,0.0383863449097
1161,0.0359749794006
1162,0.0348904132843
1163,0.0328979492187
1164,0.0318191051483
1165,0.0297522544861
1166,0.0288164615631
1167,0.026926279068
1168,0.0262570381165
1169,0.0254216194153
1170,0.0253665447235
1171,0.025871515274
1172,0.0261986255646
1173,0.0265846252441
1174,0.0291812419891
1175,0.0304083824158
1176,0.0334901809692
1177,0.0342361927032
1178,0.0369720458984
1179,0.0394115447998
1180,0.0419442653656
1181,0.0434379577637
1182,0.0454368591309
1183,0.0463154315948
1184,0.0482001304626
1185,0.0495591163635
1186,0.0503764152527
1187,0.0509345531464
1188,0.0508487224579
1189,0.0519721508026
1190,0.0527980327606
1191,0.0539889335632
1192,0.054523229599
1193,0.0559923648834
1194,0.0572321414947
1195,0.0578544139862
1196,0.059415102005
1197,0.0594351291656
1198,0.0601251125336
1199,0.0598919391632
1200,0.0595643520355
1201,0.0590369701385
1202,0.0586731433868
1203,0.0585339069366
1204,0.0578103065491
1205,0.0574493408203
1206,0.0569505691528
1207,0.05646443367
1208,0.0563621520996
1209,0.0552699565887
1210,0.0547115802765
1211,0.0533418655395
1212,0.0528211593628
1213,0.0510475635529
1214,0.0504007339478
1215,0.0491552352905
1216,0.0488884449005
1217,0.0487387180328
1218,0.0487148761749
1219,0.0492606163025
1220,0.0491051673889
1221,0.0489277839661
1222,0.0483629703522
1223,0.0485436916351
1224,0.0481779575348
1225,0.0477094650269
1226,0.0466377735138
1227,0.0462391376495
1228,0.0468890666962
1229,0.0468852519989
1230,0.0466363430023
1231,0.0471792221069
1232,0.0470900535583
1233,0.0467827320099
1234,0.0464773178101
1235,0.045078754425
1236,0.0443482398987
1237,0.043966293335
1238,0.0430824756622
1239,0.0424990653992
1240,0.0411696434021
1241,0.0403506755829
1242,0.0398054122925
1243,0.0391364097595
1244,0.0384206771851
1245,0.0384185314178
1246,0.0388679504395
1247,0.040673494339
1248,0.0430431365967
1249,0.0454430580139
1250,0.045661687851
1251,0.0327348709106
1252,0.0285396575928
1253,0.0281953811645
1254,0.029908657074
1255,0.033718585968
1256,0.0354311466217
1257,0.0372931957245
1258,0.0382475852966
1259,0.0392282009125
1260,0.0393826961517
1261,0.0401680469513
1262,0.0403237342834
1263,0.0403690338135
1264,0.0402173995972
1265,0.0396814346313
1266,0.0398087501526
1267,0.0396287441254
1268,0.0392198562622
1269,0.0383071899414
1270,0.0376083850861
1271,0.0368413925171
1272,0.035315990448
1273,0.0350658893585
1274,0.0344479084015
1275,0.0337641239166
1276,0.0321450233459
1277,0.0313286781311
1278,0.0298261642456
1279,0.0292770862579
1280,0.0287249088287
1281,0.0279016494751
1282,0.0273931026459
1283,0.0262942314148
1284,0.0256042480469
1285,0.0260679721832
1286,0.0262277126312
1287,0.0258004665375
1288,0.0256884098053
1289,0.0252721309662
1290,0.0247387886047
1291,0.0242810249329
1292,0.0233972072601
1293,0.0229704380035
1294,0.0224540233612
1295,0.0222363471985
1296,0.0216906070709
1297,0.0214900970459
1298,0.0222778320312
1299,0.0226662158966
1300,0.0232071876526
1301,0.0232975482941
1302,0.0239655971527
1303,0.0243694782257
1304,0.0247988700867
1305,0.0256679058075
1306,0.0261096954346
1307,0.0271599292755
1308,0.0279812812805
1309,0.0291388034821
1310,0.0295686721802
1311,0.0307195186615
1312,0.0314288139343
1313,0.0322041511536
1314,0.0337615013123
1315,0.0343790054321
1316,0.0362493991852
1317,0.0367300510406
1318,0.0375783443451
1319,0.0374569892883
1320,0.0385589599609
1321,0.039445400238
1322,0.0411734580994
1323,0.0429048538208
1324,0.0449023246765
1325,0.0457141399384
1326,0.0469603538513
1327,0.0473303794861
1328,0.0476129055023
1329,0.0485219955444
1330,0.0488662719727
1331,0.0492613315582
1332,0.0489857196808
1333,0.0479145050049
1334,0.0472609996796
1335,0.0467545986176
1336,0.0469477176666
1337,0.0465140342712
1338,0.0463981628418
1339,0.0460071563721
1340,0.0450115203857
1341,0.0447332859039
1342,0.0436642169952
1343,0.0431098937988
1344,0.0422055721283
1345,0.0417532920837
1346,0.0408129692078
1347,0.0401859283447
1348,0.0394461154938
1349,0.0376119613647
1350,0.0363626480103
1351,0.0336420536041
1352,0.032879114151
1353,0.0311653614044
1354,0.0303237438202
1355,0.0296950340271
1356,0.0297713279724
1357,0.0297026634216
1358,0.0304381847382
1359,0.0306391716003
1360,0.0308232307434
1361,0.0309455394745
1362,0.0306074619293
1363,0.0306460857391
1364,0.0299916267395
1365,0.0295197963715
1366,0.0289680957794
1367,0.0278534889221
1368,0.0274703502655
1369,0.0264930725098
1370,0.0259265899658
1371,0.0247914791107
1372,0.0249500274658
1373,0.0253129005432
1374,0.0250134468079
1375,0.0241737365723
1376,0.0237267017364
1377,0.0225515365601
1378,0.0220687389374
1379,0.021360874176
1380,0.020979642868
1381,0.0205206871033
1382,0.0199568271637
1383,0.0198187828064
1384,0.0191593170166
1385,0.0191481113434
1386,0.0198740959167
1387,0.0199134349823
1388,0.0192866325378
1389,0.0187613964081
1390,0.0186507701874
1391,0.0188851356506
1392,0.0189974308014
1393,0.0187339782715
1394,0.0183773040771
1395,0.017297744751
1396,0.0165672302246
1397,0.014919757843
1398,0.0138463973999
1399,0.0114614963531
1400,0.0101509094238
1401,0.008549451828
1402,0.00799512863159
1403,0.00691437721252
1404,0.00629901885986
1405,0.00598502159119
1406,0.00629305839538
1407,0.00748181343078
1408,0.00964784622192
1409,0.0108845233917
1410,0.0121583938599
1411,0.0133378505707
1412,0.0141139030457
1413,0.0151927471161
1414,0.0151677131653
1415,0.0145740509033
1416,0.0140624046326
1417,0.0135252475739
1418,0.0130648612976
1419,0.0124659538269
1420,0.0120537281036
1421,0.0110304355621
1422,0.0104978084564
1423,0.00970196723938
1424,0.00987482070923
1425,0.00985980033874
1426,0.00955510139465
1427,0.00914669036865
1428,0.00759029388428
1429,0.00645303726196
1430,0.00485920906067
1431,0.00428247451782
1432,0.00368142127991
1433,0.00255560874939
1434,0.00137209892273
1435,0.000588178634642
1436,-0.00100231170654
1437,-0.00194311141968
1438,-0.00351142883301
1439,-0.00400257110596
1440,-0.00511074066162
1441,-0.00527477264404
1442,-0.00552177429199
1443,-0.00561475753784
1444,-0.00544834136963
1445,-0.00541114807129
1446,-0.00564956665039
1447,-0.00569915771484
1448,-0.00554752349854
1449,-0.00549650192261
1450,-0.00547218322754
1451,-0.00550317764282
1452,-0.00553464889526
1453,-0.00558280944824
1454,-0.00572443008423
1455,-0.00599908828735
1456,-0.00615310668945
1457,-0.00667095184326
1458,-0.00679016113281
1459,-0.00692749023438
1460,-0.00724411010742
1461,-0.00747203826904
1462,-0.00739240646362
1463,-0.00739479064941
1464,-0.00708770751953
1465,-0.00700330734253
1466,-0.00662708282471
1467,-0.00632572174072
1468,-0.006019115448
1469,-0.00515747070313
1470,-0.00332546234131
1471,-0.0022292137146
1472,-0.00146484375
1473,0.00084614753723
1474,0.00211715698242
1475,0.00348091125488
1476,0.00415730476379
1477,0.00623536109924
1478,0.00890374183655
1479,0.0124268531799
1480,0.0147461891174
1481,0.0180933475494
1482,0.0196588039398
1483,0.0228092670441
1484,0.0240504741669
1485,0.0265429019928
1486,0.0275347232819
1487,0.0285065174103
1488,0.0287644863129
1489,0.030036687851
1490,0.033673286438
1491,0.0352172851562
1492,0.0395596027374
1493,0.0414223670959
1494,0.0429584980011
1495,0.043548822403
1496,0.0434963703156
1497,0.0434498786926
1498,0.043646812439
1499,0.0434374809265
1500,0.0430731773376
1501,0.0424718856812
1502,0.0419120788574
1503,0.0428521633148
